33
0 6 15
0 12 18
1 19 18
2 6 14
2 11 16
3 20 15
3 23 15
3 31 18
3 32 17
4 13 15
5 1 15
5 9 17
6 19 16
6 24 16
6 27 14
7 0 16
7 21 16
8 4 18
8 11 17
8 20 16
8 26 15
8 27 17
10 1 16
10 30 16
11 1 15
11 13 14
11 16 18
12 4 15
12 16 17
12 27 15
13 2 15
13 9 15
13 25 15
13 28 18
14 6 16
14 9 15
14 15 15
15 0 18
15 2 14
15 20 16
16 0 18
17 21 17
17 26 16
19 2 17
19 3 18
20 7 18
20 8 15
20 13 18
20 21 14
20 25 17
21 11 15
21 20 14
21 24 18
22 12 16
22 13 18
22 18 17
23 11 15
24 3 18
25 6 17
25 14 15
25 18 15
25 19 17
26 1 16
26 20 17
27 16 15
27 19 16
28 3 14
28 9 18
30 18 18
30 25 17
31 2 17
31 7 17
31 27 15
32 21 14
