60
0 6 33
0 15 28
0 32 27
0 33 33
0 42 33
0 53 29
0 55 29
1 21 30
2 44 27
2 53 27
3 2 28
3 6 33
3 30 32
3 32 30
4 12 29
4 44 31
4 51 29
5 23 32
5 45 28
6 13 28
6 14 30
6 31 31
6 45 33
6 51 31
7 3 31
7 30 29
7 33 31
7 37 32
7 47 33
7 55 28
8 7 32
8 14 30
8 32 32
8 43 32
9 15 28
9 26 28
9 44 29
9 45 30
10 3 31
10 5 33
10 7 28
10 36 29
10 38 28
10 41 33
10 46 28
11 13 33
11 29 30
11 35 33
11 48 33
11 50 32
11 52 33
12 9 30
12 14 32
12 37 31
13 2 31
13 8 33
13 18 31
13 32 30
14 34 28
14 51 30
15 3 32
15 4 27
15 39 28
15 42 27
15 43 32
15 49 29
15 53 29
16 3 33
16 14 29
16 28 30
16 32 30
16 40 32
16 42 29
16 45 28
16 50 32
17 0 31
17 11 33
17 55 29
17 58 30
18 14 33
20 17 32
21 30 30
21 43 29
21 51 29
21 54 27
22 10 33
23 21 30
23 34 27
23 45 29
23 48 29
24 27 33
24 40 30
24 46 27
25 1 32
25 13 29
25 16 28
25 44 33
26 11 32
27 5 30
27 16 28
27 19 33
27 24 30
27 43 33
27 47 32
27 56 31
27 59 27
28 9 33
29 0 32
29 23 32
29 26 31
29 39 29
29 44 30
29 45 28
29 50 29
29 54 30
30 19 29
30 24 27
30 26 27
31 10 33
31 16 29
31 32 33
31 56 28
32 23 31
32 30 27
32 40 33
32 56 27
33 3 31
33 18 28
33 37 32
34 14 33
34 24 30
34 27 29
35 11 29
35 23 31
35 25 27
35 27 30
35 48 32
35 59 30
36 6 32
36 19 31
36 21 27
36 23 31
36 24 33
36 25 32
36 28 28
36 39 30
37 14 28
38 21 28
38 53 31
39 25 27
39 40 28
39 57 31
40 0 29
40 1 30
40 20 31
40 45 31
41 15 28
41 45 31
41 47 33
42 1 32
42 28 27
43 5 30
43 41 30
43 42 33
43 48 32
44 33 31
45 26 31
45 34 29
45 48 28
46 33 32
47 28 31
47 52 28
48 24 28
48 31 29
48 36 29
48 37 27
49 1 29
49 2 31
49 48 32
50 9 30
50 16 27
50 19 27
50 21 28
50 48 29
50 59 31
51 9 28
52 1 30
52 7 30
52 13 30
52 21 28
52 23 28
52 25 33
52 42 32
52 59 27
53 7 28
53 22 28
53 37 29
53 38 32
53 54 30
54 42 31
55 4 33
55 9 27
55 11 30
55 27 28
55 29 33
55 49 27
56 5 32
56 6 28
56 33 27
56 42 29
57 0 31
57 4 27
57 41 33
57 42 33
57 47 28
58 25 33
58 38 29
58 48 29
59 5 33
59 24 27
59 26 27
59 30 28
59 43 29
