240
0 5 131
0 10 110
0 11 121
0 38 110
0 41 128
0 58 117
0 91 109
0 119 129
0 141 111
0 146 111
0 161 124
0 192 129
1 8 117
1 17 130
1 32 118
1 37 118
1 40 111
1 52 130
1 66 121
1 116 115
1 120 130
1 138 127
1 155 117
1 162 110
1 165 132
1 192 112
1 215 114
1 217 126
1 222 108
1 224 111
2 3 120
2 15 121
2 28 112
2 41 128
2 48 116
2 55 109
2 88 119
2 92 130
2 99 115
2 128 125
2 134 114
2 135 121
2 136 130
2 144 122
2 145 120
2 176 108
2 196 118
2 210 117
2 214 116
2 225 131
2 233 124
2 237 111
3 61 117
3 121 112
3 136 125
3 137 109
3 187 116
3 203 121
3 225 108
4 5 121
4 18 108
4 31 119
4 41 113
4 43 112
4 54 131
4 56 120
4 65 122
4 117 110
4 127 123
4 139 127
4 191 117
4 196 113
4 203 117
4 206 109
4 208 131
5 28 122
5 42 113
5 44 122
5 65 124
5 68 130
5 76 129
5 94 119
5 97 116
5 102 120
5 110 112
5 135 116
5 144 125
5 148 128
5 164 126
5 176 109
5 186 116
5 198 122
5 232 119
6 1 129
6 36 132
6 41 129
6 63 116
6 70 111
6 95 123
6 135 118
6 149 111
6 226 127
7 26 123
7 32 112
7 45 118
7 46 109
7 151 108
7 165 122
7 172 115
7 201 110
7 210 118
7 216 120
7 237 127
8 56 112
8 71 111
8 91 114
8 157 110
8 204 108
8 211 117
9 26 115
9 29 117
9 31 108
9 70 123
9 87 119
9 92 123
9 109 116
9 118 127
9 119 122
9 121 113
9 123 119
9 138 112
9 189 126
9 195 129
9 215 128
9 221 109
10 8 117
10 44 119
10 92 120
10 110 121
10 146 109
10 148 126
10 174 121
10 230 127
10 233 113
11 17 120
11 28 113
11 33 132
11 51 111
11 56 116
11 72 119
11 83 117
11 103 116
11 121 125
11 132 110
11 144 132
11 172 123
11 179 129
11 203 116
11 215 121
12 18 108
12 32 116
12 37 118
12 44 125
12 45 123
12 64 109
12 74 120
12 98 109
12 103 119
12 128 122
12 132 116
12 176 126
12 211 118
12 220 113
13 1 121
13 18 129
13 60 120
13 91 123
13 113 129
13 118 128
13 125 126
13 131 116
13 174 132
13 176 124
13 200 121
13 212 120
14 2 124
14 36 109
14 126 111
14 134 111
14 163 130
14 164 124
14 188 119
14 189 132
14 193 124
14 233 114
15 38 108
15 51 124
15 109 116
15 135 120
15 164 113
15 177 118
16 5 131
16 30 122
16 53 110
16 74 116
16 123 117
16 153 122
16 155 113
16 156 132
16 159 120
16 179 118
16 194 117
16 196 111
16 232 118
17 7 117
17 57 123
17 61 121
17 66 116
17 82 125
17 84 108
17 130 132
17 158 108
17 172 131
17 238 132
18 1 126
18 21 121
18 37 131
18 64 112
18 131 110
18 145 117
18 156 115
18 179 129
18 216 115
18 218 121
18 220 109
18 237 110
19 8 127
19 54 130
19 56 113
19 85 130
19 92 120
19 122 118
19 124 119
19 146 132
19 185 109
19 230 130
19 234 122
20 28 111
20 48 130
20 77 123
20 105 126
20 111 124
20 113 111
20 127 124
20 128 116
20 134 118
20 164 126
20 232 130
20 234 120
20 236 121
21 15 118
21 37 112
21 86 124
21 88 125
21 90 130
21 94 121
21 103 125
21 107 130
21 118 115
21 119 132
21 128 111
21 156 112
21 177 125
21 179 125
22 5 127
22 16 129
22 52 115
22 59 114
22 88 113
22 92 119
22 183 128
22 197 121
22 201 122
22 214 131
22 231 124
23 1 127
23 5 116
23 33 113
23 44 124
23 46 127
23 51 113
23 69 127
23 95 132
23 103 126
23 130 121
23 147 110
23 165 115
23 167 121
24 23 114
24 25 114
24 38 108
24 52 128
24 80 132
24 101 112
24 104 125
24 122 122
24 142 125
24 148 120
24 214 116
24 217 124
25 19 126
25 135 129
25 136 120
25 171 113
25 224 115
25 231 127
26 0 116
26 6 111
26 32 115
26 49 108
26 53 108
26 69 109
26 89 108
26 101 129
26 109 124
26 127 111
26 132 132
26 139 129
26 169 127
26 183 115
26 188 115
26 211 127
26 214 115
26 215 117
26 222 109
27 6 117
27 72 122
27 106 121
27 113 125
27 159 126
27 160 128
27 178 110
28 93 124
28 105 125
28 117 118
28 128 118
28 147 114
28 148 108
28 158 117
28 174 115
28 233 117
29 12 110
29 53 118
29 82 128
29 84 118
29 110 118
29 119 109
29 124 123
29 176 118
29 182 115
29 200 115
29 211 112
29 227 112
29 230 115
29 232 112
30 1 131
30 5 122
30 86 127
30 118 119
30 135 112
30 153 122
30 174 127
30 175 125
30 191 111
30 193 119
30 209 115
30 221 129
30 237 130
31 0 115
31 18 108
31 24 129
31 29 121
31 33 108
31 43 113
31 52 112
31 76 115
31 83 117
31 135 117
31 152 123
31 168 130
31 172 117
31 225 129
31 235 126
32 8 116
32 34 119
32 54 120
32 70 125
32 82 121
32 127 125
32 180 125
32 184 128
32 201 118
32 229 125
33 17 129
33 29 132
33 30 126
33 31 131
33 38 128
33 42 119
33 51 111
33 82 112
33 98 115
33 119 117
33 128 123
33 180 121
33 219 114
33 220 121
34 1 123
34 21 118
34 62 115
34 66 126
34 69 132
34 86 130
34 103 122
34 107 110
34 117 113
34 127 118
34 141 121
34 156 122
34 168 108
34 209 129
34 216 129
34 232 132
35 1 114
35 13 116
35 40 126
35 51 115
35 54 115
35 56 109
35 79 122
35 135 126
35 154 111
35 171 118
35 207 128
35 212 129
35 222 122
36 1 123
36 12 109
36 15 126
36 35 128
36 45 121
36 46 117
36 58 123
36 78 110
36 132 111
36 144 117
36 166 125
36 167 123
36 169 119
36 177 125
36 197 114
36 201 113
36 208 111
36 221 127
36 223 118
36 234 130
37 7 125
37 26 108
37 33 126
37 67 123
37 69 127
37 94 111
37 102 113
37 129 120
37 145 114
37 195 122
38 2 122
38 22 122
38 56 123
38 76 127
38 77 117
38 116 115
38 149 108
38 172 118
38 187 120
38 188 131
38 197 123
38 214 127
38 218 126
39 13 132
39 20 108
39 26 132
39 54 121
39 62 123
39 64 113
39 92 127
39 93 111
39 101 117
39 112 118
39 116 114
39 124 131
39 132 126
39 142 110
39 143 129
39 146 129
39 197 108
39 231 109
40 0 113
40 59 131
40 75 108
40 80 128
40 122 120
40 136 109
40 160 113
40 162 127
40 221 114
40 223 116
41 3 129
41 8 110
41 40 115
41 42 120
41 49 115
41 67 119
41 108 128
41 133 108
41 141 122
41 197 127
41 202 127
41 208 124
41 218 109
41 223 123
42 22 128
42 74 120
42 91 125
42 101 127
42 103 116
42 137 121
42 144 117
42 148 112
42 162 124
42 216 108
42 225 113
43 79 118
43 118 109
43 152 129
43 175 110
43 194 112
43 200 121
43 221 124
44 29 113
44 30 113
44 31 132
44 45 114
44 63 128
44 76 122
44 102 110
44 127 123
44 162 129
44 191 110
44 195 112
44 214 123
44 228 117
44 236 111
45 5 131
45 8 112
45 15 119
45 28 109
45 47 112
45 64 132
45 119 108
45 133 119
45 142 111
45 158 124
45 167 122
45 180 128
45 186 124
45 189 122
45 212 111
45 221 132
45 236 120
46 0 116
46 7 132
46 10 130
46 29 130
46 34 118
46 43 112
46 56 129
46 113 114
46 124 121
46 132 132
46 140 109
46 147 127
46 154 132
46 198 112
46 209 119
47 15 116
47 91 116
47 135 122
47 143 117
47 149 118
47 150 129
47 193 124
47 200 124
47 213 110
47 219 110
48 41 127
48 46 114
48 51 114
48 58 125
48 66 119
48 92 127
48 94 122
48 117 111
48 145 117
48 148 122
48 149 110
48 165 112
48 172 131
48 194 127
48 210 122
48 214 116
48 235 112
49 41 115
49 67 117
49 76 121
49 78 128
49 100 123
49 103 113
49 114 121
49 127 130
49 134 128
49 169 124
49 189 114
49 217 113
49 228 113
50 8 122
50 20 131
50 69 109
50 86 117
50 115 113
50 171 130
50 172 119
50 193 108
50 194 109
51 6 125
51 18 128
51 36 122
51 38 114
51 73 125
51 86 129
51 110 108
51 116 111
51 117 127
51 118 111
51 120 116
51 128 120
51 131 119
51 133 122
51 141 130
51 150 109
51 163 122
51 187 116
51 215 129
51 217 117
51 238 130
52 0 126
52 17 122
52 18 117
52 85 128
52 126 125
52 127 109
52 132 129
52 133 126
52 137 109
52 150 125
52 185 117
52 239 126
53 19 125
53 49 129
53 58 129
53 88 128
53 102 116
53 123 114
53 129 110
53 130 132
53 164 113
53 169 119
53 200 111
54 20 116
54 22 128
54 27 116
54 70 116
54 93 114
54 110 119
54 123 125
54 124 118
54 137 120
54 140 125
54 154 118
54 168 113
54 190 114
54 191 131
54 198 124
54 224 123
55 1 114
55 4 125
55 31 114
55 50 119
55 56 111
55 76 117
55 126 129
55 188 125
55 224 127
56 28 119
56 30 108
56 47 111
56 82 117
56 90 129
56 132 108
56 238 109
57 7 132
57 52 112
57 67 126
57 82 120
57 90 110
57 92 126
57 99 115
57 114 129
57 115 111
57 131 111
57 135 112
57 136 112
57 144 109
57 182 112
57 193 121
57 216 120
57 219 118
57 220 123
57 238 111
58 16 132
58 26 129
58 28 112
58 34 111
58 67 124
58 70 113
58 93 120
58 109 125
58 128 128
58 130 120
58 178 113
58 212 124
58 225 129
59 11 127
59 48 117
59 51 113
59 63 123
59 84 108
59 93 114
59 144 125
59 151 117
59 152 118
59 165 114
59 196 132
59 234 119
60 39 127
60 52 132
60 82 116
60 119 132
60 141 125
60 180 132
60 188 131
60 200 123
60 226 108
60 228 114
61 14 121
61 30 127
61 38 129
61 73 114
61 108 111
61 109 125
61 164 130
61 170 118
61 195 122
61 206 130
61 212 121
62 13 122
62 31 132
62 40 126
62 53 130
62 64 120
62 68 121
62 74 126
62 108 123
62 119 127
62 179 110
62 182 126
62 185 111
62 221 108
62 231 113
63 12 111
63 13 113
63 28 114
63 44 130
63 59 112
63 100 128
63 116 125
63 121 127
63 125 108
63 142 131
63 146 126
63 162 123
63 171 111
63 181 120
63 184 118
63 221 128
63 229 132
64 5 125
64 42 112
64 47 124
64 87 132
64 105 132
64 119 131
64 136 126
64 181 124
64 224 109
65 3 123
65 22 116
65 107 122
65 179 117
65 187 121
65 213 112
65 214 129
65 234 112
66 2 132
66 28 122
66 35 114
66 52 115
66 68 119
66 76 112
66 80 128
66 84 128
66 103 123
66 129 111
66 132 129
66 169 115
66 188 113
66 190 131
66 205 130
66 212 117
66 214 116
66 215 130
67 3 110
67 24 114
67 34 121
67 55 117
67 76 110
67 94 119
67 124 113
67 154 108
67 157 121
67 181 115
67 182 125
67 194 125
67 225 108
68 28 116
68 35 117
68 86 112
68 128 112
68 131 117
68 135 111
68 137 124
68 158 117
68 181 131
68 238 124
68 239 109
69 3 110
69 26 125
69 27 125
69 30 119
69 41 112
69 55 132
69 84 130
69 86 132
69 110 116
69 152 126
69 158 123
69 160 128
69 164 131
69 195 114
69 236 109
69 239 109
70 2 112
70 48 129
70 69 128
70 112 121
70 124 125
70 130 109
70 131 126
70 143 126
70 186 116
70 191 116
70 210 112
70 218 118
71 36 108
71 44 127
71 52 123
71 62 122
71 72 117
71 89 125
71 101 132
71 119 120
71 120 127
71 202 122
71 208 119
71 229 114
72 26 113
72 63 131
72 70 131
72 103 130
72 122 119
72 155 120
72 192 132
72 217 109
72 218 109
72 224 119
73 17 108
73 51 131
73 58 114
73 80 108
73 98 112
73 148 130
73 152 125
73 162 109
73 186 110
74 30 126
74 45 112
74 159 120
74 172 116
74 176 116
74 183 132
74 191 125
74 200 113
74 211 123
75 2 123
75 28 121
75 49 122
75 97 114
75 107 126
75 125 122
75 148 119
75 161 130
75 231 118
76 14 109
76 36 125
76 53 115
76 55 113
76 62 114
76 65 129
76 116 117
76 154 125
76 168 112
76 178 131
76 199 111
77 5 123
77 17 131
77 18 109
77 24 109
77 34 121
77 43 109
77 47 129
77 48 119
77 52 129
77 81 112
77 102 117
77 137 131
77 151 123
77 152 119
77 174 132
77 210 125
77 216 123
77 238 130
78 0 122
78 9 115
78 17 108
78 19 125
78 37 113
78 55 116
78 124 110
78 135 123
78 179 120
78 186 128
78 197 109
78 201 113
78 231 109
78 236 121
78 238 113
79 18 125
79 84 126
79 90 108
79 184 110
79 185 115
79 206 132
79 235 123
80 11 116
80 74 111
80 113 121
80 140 116
80 146 117
80 150 108
80 168 118
80 172 116
80 194 127
80 201 114
81 2 121
81 19 130
81 62 115
81 75 121
81 95 112
81 99 129
81 111 125
81 132 113
81 133 111
81 155 114
81 162 127
81 190 131
81 192 111
82 22 114
82 30 114
82 31 120
82 59 132
82 70 124
82 86 114
82 101 125
82 114 113
82 115 116
82 146 129
82 232 114
83 7 126
83 62 131
83 96 126
83 103 111
83 108 127
83 112 114
83 120 116
83 123 113
83 126 112
83 129 123
83 159 123
83 187 132
83 211 122
83 219 128
83 236 132
84 21 122
84 24 110
84 25 118
84 27 113
84 112 122
84 123 127
84 141 124
84 216 132
84 222 112
85 22 117
85 31 114
85 33 123
85 37 128
85 64 118
85 65 109
85 66 132
85 196 109
85 217 120
85 228 129
86 6 123
86 8 123
86 20 110
86 109 127
86 119 111
86 132 117
86 167 116
86 208 124
86 212 131
86 217 122
86 233 120
87 3 131
87 35 127
87 68 126
87 119 120
87 160 113
87 187 127
87 226 110
87 237 109
88 2 113
88 4 123
88 18 125
88 47 132
88 69 120
88 85 111
88 106 109
88 118 132
88 134 109
88 136 120
88 155 118
88 177 116
88 199 118
89 36 120
89 44 120
89 46 110
89 104 121
89 144 109
89 148 113
89 161 131
89 171 127
89 180 130
89 202 127
90 22 127
90 33 125
90 38 114
90 48 128
90 65 129
90 111 123
90 118 119
90 133 120
90 173 127
90 182 119
90 235 112
91 16 121
91 30 132
91 46 110
91 49 112
91 51 108
91 53 125
91 55 127
91 65 110
91 132 132
91 133 114
91 149 108
91 153 113
92 11 125
92 21 124
92 46 132
92 59 116
92 82 132
92 112 119
92 118 115
92 133 118
92 150 119
92 178 125
92 201 124
92 226 111
92 227 132
93 25 121
93 57 117
93 102 109
93 106 124
93 127 128
93 130 112
93 133 124
93 150 122
93 222 119
93 236 116
94 6 115
94 54 128
94 62 117
94 64 122
94 80 119
94 108 109
94 127 115
94 148 114
94 153 128
94 175 118
94 218 116
95 2 113
95 16 126
95 30 130
95 33 132
95 42 117
95 44 128
95 60 126
95 72 115
95 103 116
95 106 122
95 136 124
95 163 118
95 178 130
95 181 112
95 182 115
95 189 116
95 194 117
95 231 130
96 0 108
96 1 115
96 10 111
96 14 110
96 22 109
96 42 124
96 50 126
96 63 118
96 78 120
96 93 126
96 143 109
96 175 123
96 178 111
96 185 121
96 191 119
96 203 122
96 214 129
96 217 108
96 231 113
97 0 123
97 14 119
97 24 109
97 60 110
97 111 114
97 128 127
97 137 119
97 148 123
97 194 130
97 197 125
97 216 114
97 225 116
97 228 119
97 231 127
97 238 109
98 8 121
98 19 124
98 23 118
98 32 110
98 56 122
98 70 121
98 75 132
98 83 128
98 88 111
98 93 124
98 116 131
98 134 122
98 138 126
98 144 122
98 175 121
98 200 122
99 5 114
99 15 118
99 17 121
99 18 121
99 20 118
99 22 130
99 31 108
99 50 116
99 63 125
99 70 117
99 86 116
99 104 120
99 105 115
99 108 108
99 135 128
99 177 116
99 184 132
99 192 131
99 204 120
99 227 120
100 12 114
100 47 119
100 75 115
100 80 122
100 81 125
100 96 126
100 99 115
100 134 115
100 177 110
100 196 121
100 214 116
100 217 122
100 226 115
100 235 120
101 45 119
101 99 127
101 117 108
101 160 117
101 188 109
101 194 121
101 207 111
101 227 114
101 230 114
101 235 120
101 237 122
102 12 116
102 19 121
102 36 122
102 67 117
102 69 127
102 81 123
102 83 116
102 94 126
102 142 119
102 177 130
102 212 120
102 221 123
102 239 108
103 67 124
103 72 113
103 93 111
103 110 130
103 123 112
103 131 123
103 134 118
103 137 132
103 184 108
103 191 116
103 199 125
103 201 111
103 212 110
103 236 118
104 22 124
104 49 111
104 50 132
104 60 122
104 84 113
104 93 123
104 131 121
104 172 121
104 180 125
104 219 129
105 21 117
105 77 118
105 81 123
105 85 127
105 92 130
105 97 113
105 102 117
105 138 112
105 152 120
105 183 120
105 205 120
105 212 128
106 7 110
106 25 118
106 63 114
106 71 129
106 80 110
106 97 109
106 142 122
106 168 117
106 178 130
106 183 119
106 197 129
106 205 118
106 218 129
106 225 131
107 5 120
107 40 118
107 52 127
107 69 126
107 97 132
107 100 125
107 116 108
107 117 114
107 124 126
107 142 113
107 144 121
107 189 116
107 196 119
107 205 123
107 212 129
108 14 120
108 21 131
108 67 127
108 107 114
108 114 124
108 119 108
108 159 115
108 168 111
109 5 113
109 13 116
109 27 115
109 43 125
109 51 112
109 62 108
109 67 114
109 81 124
109 84 125
109 99 119
109 103 131
109 129 110
109 151 128
109 164 124
109 171 114
109 178 122
109 183 118
109 186 126
109 212 117
110 0 117
110 2 118
110 14 109
110 24 122
110 30 119
110 193 109
110 197 113
110 224 117
110 228 129
110 234 114
111 1 112
111 8 128
111 33 110
111 56 119
111 66 116
111 80 111
111 91 112
111 109 120
111 110 121
111 114 130
111 118 117
111 131 130
111 138 131
111 149 125
111 160 111
111 172 112
111 186 118
111 212 109
111 235 126
112 5 108
112 46 117
112 69 115
112 76 132
112 88 123
112 108 124
112 110 113
112 171 130
112 186 108
112 189 132
112 194 129
113 12 110
113 33 109
113 72 117
113 85 117
113 102 116
113 104 122
113 108 115
113 142 125
113 172 117
113 181 124
113 218 119
114 10 127
114 16 116
114 19 111
114 23 110
114 29 130
114 66 113
114 79 111
114 84 108
114 92 125
114 100 108
114 159 122
114 187 128
114 233 127
114 235 125
115 44 108
115 51 128
115 53 120
115 64 125
115 79 124
115 81 119
115 118 125
115 119 119
115 131 119
115 153 108
115 175 125
115 210 119
115 218 119
115 224 115
115 231 123
116 4 119
116 126 112
116 130 126
116 187 127
116 208 109
116 212 117
117 9 117
117 68 132
117 84 114
117 89 131
117 99 114
117 135 123
117 161 126
117 164 119
117 177 113
117 187 112
117 192 123
118 22 115
118 45 118
118 66 108
118 71 111
118 107 129
118 133 127
118 158 116
118 159 128
118 186 119
118 188 109
118 191 126
118 193 118
118 235 130
119 21 120
119 23 111
119 84 113
119 104 115
119 112 118
119 120 130
119 132 120
119 136 124
119 166 117
119 189 121
119 198 126
119 218 120
119 224 124
119 234 123
120 3 131
120 10 115
120 57 119
120 60 131
120 99 131
120 106 123
120 115 131
120 167 129
120 173 131
120 174 131
121 4 109
121 7 119
121 17 122
121 33 127
121 50 114
121 93 125
121 145 114
121 212 113
122 7 120
122 9 118
122 21 123
122 27 108
122 41 121
122 58 111
122 63 119
122 73 116
122 77 120
122 140 123
122 152 129
122 173 128
122 179 126
122 184 112
122 208 129
122 213 108
122 227 125
123 22 128
123 41 112
123 72 113
123 76 130
123 87 111
123 90 132
123 102 110
123 121 119
123 135 127
123 138 126
123 139 127
123 181 129
123 184 109
123 187 125
123 192 109
123 196 118
123 204 119
123 230 108
124 7 111
124 9 119
124 16 111
124 18 111
124 30 132
124 36 124
124 41 130
124 70 118
124 79 113
124 93 119
124 100 124
124 113 114
124 130 132
124 154 114
124 159 127
124 167 112
124 179 112
124 202 128
124 210 116
124 231 122
124 235 110
125 5 123
125 17 121
125 32 110
125 50 108
125 51 130
125 81 129
125 105 114
125 110 120
125 155 109
125 166 124
125 167 108
125 173 111
125 205 111
126 0 129
126 17 115
126 23 113
126 55 122
126 57 125
126 61 123
126 63 110
126 66 114
126 67 119
126 117 121
126 163 113
126 217 110
126 230 128
127 12 111
127 13 122
127 47 116
127 54 131
127 72 111
127 86 132
127 100 117
127 118 116
127 138 120
127 150 120
127 174 120
127 193 131
127 196 126
127 215 108
127 239 130
128 20 128
128 53 115
128 84 126
128 88 131
128 119 108
128 124 110
128 125 120
128 141 127
128 180 110
129 2 129
129 51 108
129 58 120
129 73 121
129 107 125
129 108 132
129 117 126
129 133 124
129 136 130
129 141 110
129 168 115
129 228 131
130 3 112
130 31 128
130 61 111
130 75 121
130 137 121
130 175 123
130 209 125
130 210 110
130 212 118
130 214 132
131 52 110
131 56 131
131 75 117
131 103 108
131 110 114
131 118 132
131 127 121
131 156 114
131 174 129
131 177 120
131 179 114
131 223 112
131 229 130
132 25 125
132 29 109
132 50 115
132 66 114
132 76 109
132 112 126
132 130 124
132 137 129
132 149 123
132 161 111
132 168 115
132 227 118
133 0 115
133 20 116
133 37 109
133 53 113
133 56 129
133 62 124
133 85 128
133 110 116
133 119 117
133 122 122
133 163 113
133 174 123
133 205 120
133 222 113
134 17 132
134 20 132
134 32 109
134 65 126
134 98 128
134 102 111
134 103 130
134 119 131
134 126 125
134 152 113
134 162 128
134 169 119
134 176 120
134 210 127
135 72 115
135 84 132
135 94 112
135 103 126
135 104 124
135 134 127
135 139 126
136 1 125
136 8 120
136 16 123
136 46 129
136 49 112
136 76 128
136 84 124
136 182 121
136 212 108
136 223 112
136 231 132
137 8 128
137 43 127
137 44 132
137 60 127
137 115 131
137 139 118
137 144 110
137 167 114
137 171 128
137 217 128
138 13 115
138 22 111
138 24 119
138 63 125
138 93 109
138 125 129
138 136 110
138 173 113
139 3 112
139 21 115
139 65 126
139 87 126
139 115 115
139 141 118
139 172 125
139 174 129
139 210 126
139 225 110
139 227 126
140 27 115
140 28 120
140 135 118
140 141 114
140 149 114
140 184 108
140 198 122
140 208 114
141 14 109
141 40 108
141 69 126
141 77 112
141 78 110
141 106 109
141 110 115
141 118 110
141 131 117
141 170 124
141 171 111
141 174 121
141 193 130
141 206 120
141 212 114
141 221 110
141 225 126
141 239 121
142 9 120
142 22 110
142 29 124
142 81 121
142 89 119
142 123 129
142 149 126
142 214 123
142 239 110
143 27 121
143 88 112
143 113 119
143 126 114
143 136 109
143 184 109
143 215 127
143 235 111
144 8 113
144 24 132
144 31 123
144 57 119
144 64 118
144 87 111
144 102 127
144 149 128
144 156 120
144 159 112
144 170 119
144 220 108
144 229 115
145 25 118
145 60 114
145 83 128
145 134 116
145 151 129
145 238 123
146 1 127
146 11 117
146 36 132
146 55 120
146 101 125
146 165 113
146 176 110
146 200 120
146 214 119
147 0 114
147 5 123
147 23 109
147 40 108
147 49 131
147 110 131
147 120 124
147 124 129
147 129 114
147 163 113
147 168 112
147 186 121
147 193 118
147 202 113
147 225 108
148 9 111
148 32 128
148 34 124
148 52 132
148 99 110
148 107 111
148 131 125
148 158 131
148 168 130
149 22 124
149 35 126
149 49 124
149 73 123
149 77 123
149 96 118
149 136 124
149 141 109
149 150 114
149 159 125
149 188 130
149 198 125
149 200 131
149 217 118
150 6 108
150 16 129
150 26 120
150 34 118
150 49 128
150 107 125
150 131 125
150 133 112
150 134 131
150 139 126
150 155 123
150 172 128
150 222 124
150 234 131
151 36 114
151 38 125
151 119 119
151 126 111
151 166 119
151 184 125
151 194 128
151 195 127
151 228 127
152 15 114
152 45 115
152 56 128
152 60 121
152 64 130
152 146 108
152 176 131
152 212 124
152 213 130
152 216 127
152 234 117
153 1 130
153 81 123
153 88 120
153 99 125
153 127 124
153 142 110
153 151 124
153 171 113
153 173 112
153 178 127
154 17 124
154 43 122
154 66 130
154 76 128
154 81 122
154 87 118
154 97 130
154 106 112
154 115 112
154 122 111
154 124 128
154 127 130
154 132 125
154 160 111
154 167 122
154 176 116
154 196 118
154 206 116
155 3 126
155 7 119
155 12 114
155 67 120
155 83 114
155 90 126
155 104 115
155 151 111
155 156 132
155 166 130
155 183 111
155 186 108
155 191 131
155 198 113
155 221 109
155 232 126
155 238 108
156 6 111
156 31 120
156 34 126
156 35 115
156 45 118
156 55 108
156 65 115
156 67 113
156 70 126
156 90 132
156 98 127
156 121 119
156 146 128
156 180 109
156 205 119
156 212 115
156 213 124
156 228 129
156 231 114
157 6 113
157 40 121
157 47 108
157 57 113
157 77 120
157 88 129
157 94 123
157 101 124
157 153 132
157 233 114
157 234 125
158 27 115
158 87 111
158 105 123
158 111 124
158 180 120
158 224 123
159 15 123
159 47 118
159 64 112
159 78 117
159 93 117
159 98 116
159 152 131
159 167 128
159 198 124
159 207 128
159 221 128
160 9 110
160 24 113
160 55 119
160 79 116
160 94 119
160 142 120
160 144 129
160 146 124
160 222 126
160 228 110
161 11 112
161 26 129
161 28 124
161 82 115
161 98 115
161 103 121
161 113 126
161 118 132
161 203 124
161 228 120
161 232 127
162 8 126
162 63 126
162 82 132
162 136 123
162 141 120
162 180 110
162 186 112
162 213 112
162 218 118
162 223 124
163 20 131
163 23 122
163 42 119
163 45 114
163 62 129
163 65 128
163 76 125
163 100 129
163 103 113
163 116 126
163 120 110
163 128 114
163 150 118
163 151 124
163 153 130
163 162 123
163 166 108
163 193 114
163 201 120
163 233 123
163 235 111
164 18 114
164 79 129
164 102 109
164 105 121
164 139 128
164 169 125
164 224 113
165 13 113
165 18 108
165 27 124
165 36 111
165 43 117
165 57 109
165 92 128
165 109 117
165 119 129
165 131 123
165 136 130
165 148 131
165 158 112
165 159 115
165 168 111
165 174 132
165 184 126
165 212 108
165 231 132
165 238 110
166 3 130
166 42 110
166 53 125
166 61 119
166 75 122
166 93 131
166 97 115
166 103 108
166 114 109
166 129 118
166 145 122
166 153 113
166 191 116
166 195 120
166 209 118
166 211 132
167 7 125
167 87 113
167 117 115
167 188 116
167 230 117
168 6 130
168 18 115
168 27 128
168 36 110
168 67 116
168 82 124
168 206 113
168 237 132
169 7 126
169 40 109
169 57 112
169 59 110
169 82 108
169 97 120
169 107 112
169 113 130
169 120 116
169 142 110
169 151 126
169 154 132
169 206 127
169 214 124
169 226 108
170 10 129
170 32 109
170 73 114
170 79 113
170 84 115
170 96 132
170 130 108
170 141 129
170 174 108
170 234 126
170 235 113
171 36 127
171 43 132
171 56 129
171 107 120
171 110 114
171 124 118
171 151 109
171 164 128
171 168 121
171 186 120
171 214 127
171 234 112
172 4 111
172 56 122
172 69 126
172 105 116
172 177 126
172 194 113
172 207 127
172 227 120
173 8 123
173 26 113
173 59 118
173 61 113
173 87 127
173 90 112
173 146 110
173 150 119
173 158 113
173 192 124
173 193 111
173 207 111
173 208 129
173 219 116
173 221 115
173 236 119
174 4 125
174 47 124
174 86 128
174 94 109
174 96 109
174 137 111
174 143 122
174 152 131
174 164 114
174 194 121
175 12 129
175 18 123
175 34 122
175 43 111
175 47 113
175 63 114
175 68 117
175 69 119
175 75 114
175 89 132
175 96 118
175 127 117
175 150 123
175 155 124
175 158 116
175 172 111
175 195 125
175 209 132
176 0 125
176 27 128
176 49 124
176 69 122
176 80 124
176 81 126
176 98 110
176 124 127
176 139 115
176 151 123
176 167 123
176 237 114
177 3 111
177 59 115
177 84 131
177 106 118
177 116 110
177 127 111
177 128 114
177 143 124
177 164 116
177 176 126
177 180 123
177 217 113
177 234 118
178 12 126
178 17 125
178 20 121
178 21 110
178 42 116
178 57 108
178 69 116
178 82 131
178 97 132
178 118 120
178 146 115
178 193 127
178 211 115
179 30 118
179 40 125
179 67 111
179 116 130
179 119 122
179 120 127
179 127 111
179 130 130
179 137 129
179 173 119
179 177 122
179 195 115
180 3 125
180 59 131
180 63 128
180 79 122
180 92 125
180 95 115
180 100 113
180 111 117
180 121 109
180 129 111
180 151 131
180 155 131
180 187 117
180 197 110
180 200 127
180 207 118
181 6 118
181 106 123
181 116 110
181 127 116
181 144 132
181 168 126
181 169 122
181 178 120
181 210 113
181 213 108
181 237 126
182 18 124
182 30 117
182 63 122
182 71 117
182 109 116
182 126 117
182 127 126
182 133 112
182 158 117
182 183 124
182 233 119
182 237 131
182 238 119
183 0 112
183 12 124
183 13 109
183 47 127
183 76 108
183 81 119
183 97 114
183 124 123
183 140 111
183 141 125
183 160 121
183 169 120
183 223 120
184 4 119
184 5 114
184 16 109
184 45 121
184 62 111
184 89 115
184 116 125
184 119 124
184 147 126
184 160 122
184 165 120
184 172 132
184 179 119
184 182 120
184 204 126
184 239 121
185 0 113
185 31 108
185 32 123
185 52 130
185 55 108
185 68 118
185 74 110
185 122 119
185 158 126
185 182 112
185 193 127
185 218 120
186 45 121
186 47 117
186 63 110
186 141 128
186 153 118
186 171 119
186 205 114
186 206 108
186 227 125
186 230 120
187 25 126
187 40 122
187 42 121
187 47 119
187 109 114
187 128 110
187 151 116
187 175 108
187 186 118
187 191 115
187 204 108
187 214 109
187 229 129
187 232 118
188 19 111
188 29 113
188 35 112
188 36 117
188 38 127
188 53 116
188 62 123
188 89 111
188 113 122
188 141 111
188 167 118
188 206 113
189 33 127
189 51 121
189 52 112
189 100 120
189 134 126
189 135 115
189 209 128
189 222 114
189 223 129
189 229 125
190 7 129
190 38 118
190 39 130
190 69 130
190 71 118
190 98 113
190 125 119
190 137 118
190 140 113
190 154 118
190 172 116
190 181 117
190 208 114
191 18 120
191 30 121
191 75 113
191 85 117
191 116 108
191 129 110
191 141 122
191 155 127
191 161 109
191 194 132
191 203 116
191 208 111
191 214 111
191 221 119
192 22 121
192 29 118
192 91 122
192 114 113
192 124 114
192 139 108
192 160 123
192 197 125
192 203 131
192 228 123
193 8 123
193 27 129
193 41 109
193 50 127
193 57 109
193 61 127
193 71 132
193 96 130
193 116 126
193 125 120
193 126 115
193 128 127
193 146 132
193 152 112
193 159 120
193 167 122
193 179 109
193 187 124
194 11 126
194 38 129
194 48 126
194 50 117
194 51 116
194 77 111
194 95 118
194 103 119
194 106 109
194 160 129
194 163 122
194 181 112
194 212 131
194 214 113
194 215 120
194 239 115
195 1 132
195 48 108
195 53 126
195 60 111
195 65 116
195 123 128
195 125 127
195 170 108
195 181 112
195 183 131
195 194 116
195 213 114
195 222 124
195 236 127
196 87 126
196 97 113
196 108 124
196 112 110
196 114 129
196 152 125
196 182 116
196 206 122
196 219 129
196 225 108
196 234 126
197 20 111
197 30 117
197 50 127
197 65 112
197 79 112
197 90 115
197 125 132
197 135 124
197 140 127
197 143 112
197 155 130
197 161 120
197 168 128
197 177 110
197 187 108
197 206 128
197 213 126
197 217 116
197 233 120
198 1 131
198 25 120
198 68 114
198 83 130
198 112 128
198 120 119
198 122 127
198 130 132
198 136 129
198 141 108
198 151 112
198 177 108
198 188 113
198 199 121
199 7 128
199 17 130
199 26 121
199 39 122
199 54 124
199 55 125
199 56 119
199 62 119
199 63 131
199 83 118
199 89 129
199 91 110
199 161 123
199 171 108
199 202 132
199 232 131
200 4 121
200 8 117
200 13 119
200 106 131
200 109 129
200 120 126
200 122 112
200 135 114
200 145 120
200 162 119
200 181 110
200 207 116
200 216 126
200 235 111
200 237 127
201 4 129
201 5 124
201 8 108
201 23 124
201 29 129
201 49 114
201 53 131
201 62 120
201 77 131
201 85 120
201 99 132
201 134 108
201 156 129
201 157 111
201 167 120
201 168 132
201 179 110
201 185 116
202 23 111
202 57 128
202 62 110
202 78 121
202 82 124
202 120 126
202 127 129
202 133 126
202 160 125
202 184 125
202 196 131
202 218 112
202 219 113
203 6 111
203 10 110
203 20 109
203 30 122
203 44 117
203 47 125
203 59 123
203 75 122
203 105 116
203 106 108
203 107 116
203 111 108
203 131 118
203 139 126
203 163 112
203 238 124
204 20 108
204 35 129
204 48 111
204 63 112
204 78 114
204 90 116
204 101 121
204 108 110
204 121 132
204 146 110
204 156 116
204 160 118
204 163 132
204 173 111
204 181 132
204 182 119
204 200 132
204 210 121
204 213 115
204 217 112
204 235 132
205 56 119
205 74 128
205 87 130
205 142 130
205 145 131
205 153 119
205 207 118
205 233 116
206 10 109
206 19 120
206 30 113
206 43 121
206 45 111
206 63 123
206 75 124
206 77 123
206 98 130
206 100 123
206 116 122
206 134 111
206 135 117
206 148 129
206 149 111
206 163 112
206 187 130
207 24 109
207 46 121
207 49 128
207 57 121
207 98 125
207 110 128
207 125 112
207 146 126
207 151 110
207 165 130
207 170 115
207 217 114
208 32 112
208 33 130
208 45 116
208 50 116
208 74 111
208 91 122
208 113 114
208 163 127
208 189 115
208 194 115
208 204 113
208 210 122
208 223 123
209 6 120
209 26 109
209 40 126
209 57 129
209 90 123
209 103 110
209 117 119
209 150 132
209 151 126
209 167 108
209 197 120
209 214 124
209 223 124
210 27 114
210 31 113
210 36 126
210 68 119
210 86 126
210 112 118
210 116 120
210 134 116
210 145 110
210 173 115
210 178 110
210 224 113
211 21 115
211 75 115
211 81 108
211 98 121
211 105 129
211 170 112
211 174 118
211 185 108
211 203 129
211 235 112
212 28 122
212 44 127
212 48 130
212 125 130
212 185 129
212 204 124
212 223 128
212 233 117
213 21 129
213 31 119
213 36 125
213 82 127
213 111 131
213 139 120
213 141 116
213 168 120
213 184 123
213 192 124
213 200 109
213 201 110
213 211 130
214 19 125
214 24 120
214 34 123
214 72 123
214 92 125
214 107 120
214 134 119
214 156 108
214 160 119
214 219 119
215 31 129
215 64 129
215 69 132
215 93 128
215 98 111
215 148 125
215 214 116
215 217 116
215 226 112
215 235 117
216 3 123
216 7 117
216 13 124
216 44 108
216 61 124
216 71 120
216 74 118
216 76 131
216 83 108
216 90 114
216 129 109
216 143 117
216 149 124
216 157 115
216 193 109
216 237 118
216 238 109
217 2 119
217 61 120
217 83 125
217 116 127
217 126 112
217 129 131
217 142 128
217 143 129
217 150 109
217 152 116
217 153 120
217 155 115
217 159 115
217 195 114
218 3 108
218 43 108
218 64 126
218 82 123
218 102 112
218 146 120
218 149 129
218 162 113
218 217 116
218 222 123
218 224 130
219 0 123
219 28 132
219 51 110
219 56 126
219 59 112
219 113 122
219 141 124
219 189 117
219 194 124
219 233 116
219 234 111
220 9 132
220 13 120
220 24 121
220 75 118
220 115 122
220 195 125
220 203 108
221 29 121
221 59 112
221 67 108
221 80 132
221 88 131
221 100 110
221 104 114
221 111 123
221 132 119
221 134 120
221 138 116
221 147 109
221 154 117
221 167 128
221 185 113
222 24 125
222 44 121
222 80 117
222 127 119
222 134 123
222 135 132
222 149 120
222 171 120
222 198 119
222 208 111
222 231 117
222 232 121
223 2 129
223 17 121
223 30 128
223 36 129
223 53 129
223 93 112
223 113 117
223 128 117
223 137 123
223 177 121
223 187 113
223 189 129
223 194 111
223 200 132
223 205 130
223 207 111
223 212 126
223 236 126
224 30 120
224 86 130
224 101 119
224 124 116
224 129 111
224 142 114
224 163 108
224 189 127
224 220 130
224 222 114
224 226 124
224 236 110
225 43 117
225 70 117
225 80 130
225 83 130
225 119 129
225 177 131
225 226 119
226 23 123
226 26 115
226 44 122
226 58 118
226 61 119
226 83 110
226 110 111
226 115 131
226 139 116
226 166 112
226 228 120
227 2 110
227 11 126
227 13 108
227 33 130
227 40 128
227 76 129
227 77 126
227 87 113
227 102 111
227 117 127
227 146 117
227 152 125
227 155 121
227 171 116
227 177 111
227 182 129
227 192 130
227 201 124
227 218 120
228 25 117
228 32 114
228 87 111
228 128 117
228 137 119
228 167 118
228 181 108
228 199 114
229 15 114
229 34 113
229 71 128
229 82 109
229 86 119
229 97 127
229 99 119
229 102 122
229 121 109
229 124 131
229 128 113
229 133 115
229 186 108
229 212 125
229 225 116
230 36 111
230 47 116
230 63 128
230 66 123
230 118 122
230 155 114
231 15 132
231 42 123
231 52 110
231 91 129
231 97 124
231 102 130
231 121 112
231 132 128
231 150 132
231 158 115
231 181 112
231 193 111
231 196 110
231 198 125
231 207 119
231 213 116
231 222 116
231 224 111
231 235 126
232 4 109
232 49 111
232 66 112
232 82 125
232 123 124
232 149 113
232 180 117
232 191 127
232 214 114
232 226 112
232 231 111
233 14 121
233 35 111
233 85 116
233 106 111
233 116 114
233 131 121
233 175 112
233 229 129
233 235 108
234 15 125
234 17 110
234 44 123
234 47 123
234 60 116
234 101 117
234 119 110
234 123 116
234 136 113
234 176 122
234 207 111
234 225 109
235 26 132
235 29 110
235 50 114
235 60 126
235 79 128
235 128 129
235 142 112
235 143 118
235 166 117
235 174 126
235 200 130
235 205 108
235 227 110
235 238 121
236 17 125
236 42 125
236 45 132
236 56 131
236 71 128
236 124 127
236 145 110
236 148 111
236 218 122
237 101 124
237 107 116
237 125 129
237 130 126
237 132 108
237 136 116
237 166 110
237 168 132
237 198 114
237 219 130
237 220 125
238 46 125
238 69 114
238 73 127
238 102 112
238 106 119
238 135 116
238 138 120
238 147 114
238 166 131
238 184 118
238 185 118
238 189 112
238 195 115
238 206 124
238 214 127
238 224 110
239 52 126
239 65 117
239 67 116
239 70 120
239 95 110
239 104 111
239 125 128
239 137 119
239 141 125
239 216 121
