90
0 25 41
0 64 45
0 88 45
1 2 49
1 40 47
1 41 43
1 65 40
1 84 44
2 0 44
2 7 48
2 8 46
2 42 46
3 10 49
3 19 42
3 21 46
3 41 46
3 58 41
4 1 46
4 6 43
5 62 42
5 65 41
5 83 42
5 86 44
6 39 46
6 44 48
6 47 41
6 52 46
7 1 48
7 26 45
7 31 48
7 34 42
8 1 40
8 78 42
8 79 46
8 83 49
9 23 41
9 25 49
9 65 42
10 1 40
10 5 40
10 13 43
10 22 44
10 59 49
10 61 40
10 65 42
11 27 40
11 72 42
12 9 45
12 16 42
12 25 43
12 29 44
12 60 46
12 66 40
13 0 46
13 4 49
13 9 46
13 11 41
13 27 47
13 35 47
13 61 41
14 68 49
14 81 47
15 8 46
15 19 41
15 36 49
15 47 46
15 68 45
16 9 44
16 52 41
16 63 42
17 1 42
17 26 45
17 40 45
17 49 44
17 51 43
17 74 40
18 14 47
18 23 48
18 67 41
18 69 48
18 74 45
19 0 45
19 2 40
19 36 46
19 45 41
19 66 46
19 67 48
19 78 46
19 83 44
20 3 40
20 36 45
20 56 49
20 62 41
21 1 41
21 34 48
21 60 42
22 23 40
22 28 45
23 5 46
23 6 45
23 12 47
23 28 41
23 74 43
23 85 46
24 1 49
24 32 47
24 79 40
25 19 41
25 61 44
25 63 48
25 81 43
26 29 48
26 60 49
26 72 40
26 75 49
26 84 43
27 4 49
27 17 49
27 18 46
27 19 49
27 49 49
27 64 47
27 72 46
27 85 45
28 0 41
28 34 44
28 44 49
28 53 44
28 66 41
28 68 44
29 0 41
29 19 41
29 50 49
29 57 40
29 80 40
30 2 46
30 32 44
30 54 41
30 66 46
30 79 49
31 70 40
32 38 48
32 58 43
32 59 44
33 5 44
33 40 47
33 50 49
33 52 44
33 76 44
33 80 45
34 40 41
34 52 42
34 77 44
34 88 46
35 1 40
35 55 42
36 8 47
36 45 47
36 58 45
36 70 44
36 87 41
37 8 49
37 12 49
37 14 42
37 28 48
37 39 42
37 59 44
37 70 45
37 72 47
37 84 42
38 0 42
38 27 48
38 32 47
38 85 47
39 20 49
39 33 43
39 52 42
39 57 42
40 3 47
40 69 41
40 78 48
40 81 49
40 83 41
41 88 42
42 0 42
42 22 41
42 32 46
42 48 42
42 50 47
42 59 47
42 89 44
43 3 41
43 6 41
43 10 43
43 21 43
44 3 48
44 69 43
44 82 47
45 7 47
45 15 48
45 62 46
45 80 43
45 86 41
46 7 48
46 9 49
46 16 41
46 17 40
46 21 42
46 22 46
46 24 48
46 45 47
46 53 48
46 82 44
47 13 49
47 37 48
47 40 49
47 84 41
48 18 49
48 21 45
48 32 40
48 79 42
49 44 43
49 85 41
49 89 45
50 3 42
50 12 43
50 24 42
50 27 44
50 72 49
51 8 44
51 9 46
51 12 40
51 21 45
51 30 47
51 41 41
51 82 43
52 1 48
52 22 40
52 41 44
52 50 45
52 85 44
53 4 44
53 8 49
53 25 47
53 27 43
53 48 43
53 71 42
53 76 47
53 81 45
54 69 40
54 72 40
54 80 43
54 84 48
55 37 46
55 56 41
55 78 40
55 82 40
56 0 43
56 33 43
56 51 42
56 65 44
56 88 47
57 3 42
57 22 42
57 25 41
57 30 42
57 40 41
57 61 46
57 82 43
57 89 45
58 1 49
58 65 43
59 28 49
60 20 41
60 24 45
60 31 43
60 68 46
60 85 42
61 10 40
61 19 41
61 34 46
62 54 46
62 84 41
62 85 40
63 4 48
63 42 40
63 44 44
63 79 44
64 2 42
64 46 42
64 51 43
64 70 49
64 78 48
65 3 42
65 5 42
65 9 41
65 11 45
65 75 49
66 7 41
66 39 43
66 55 44
66 75 43
66 87 47
67 5 49
67 30 47
67 63 45
67 77 45
67 79 40
68 29 45
68 34 43
68 43 41
68 47 47
68 67 46
68 76 49
69 6 40
69 52 47
69 72 43
69 78 44
70 42 49
70 50 44
71 9 40
71 41 45
71 77 47
72 27 49
72 28 42
73 1 42
73 9 44
73 87 41
74 47 47
74 52 40
75 2 40
75 10 48
75 16 43
75 32 48
75 38 49
76 42 47
76 46 44
77 29 41
77 40 45
77 63 44
78 24 47
78 27 49
78 44 41
79 28 47
79 40 40
79 45 42
79 49 48
80 39 47
80 66 44
80 77 48
80 85 42
81 2 48
81 23 49
81 25 46
81 31 40
81 45 46
81 68 40
81 70 43
81 77 49
82 30 45
82 36 41
82 41 47
82 51 47
82 52 48
82 59 49
82 60 44
83 0 45
83 54 48
83 66 45
84 7 45
84 21 44
84 42 47
84 55 41
84 79 40
85 6 49
85 35 42
85 41 42
85 50 46
85 65 42
85 72 42
86 16 46
86 20 40
86 36 45
86 53 47
86 89 48
87 73 41
87 85 49
88 17 41
88 32 47
88 43 41
89 39 40
89 88 44
