64
0 56 35
0 57 29
1 10 28
1 16 34
1 32 33
1 42 34
1 43 31
1 54 31
2 11 32
2 16 32
2 31 34
2 36 35
2 41 29
3 14 35
3 29 34
3 44 31
3 46 28
3 57 31
3 61 28
4 1 30
4 9 28
4 28 31
4 44 32
5 1 30
5 14 32
5 18 30
6 9 33
6 38 28
6 44 31
6 50 32
6 60 30
6 63 29
7 15 30
7 24 32
7 27 28
7 30 34
7 62 28
8 9 28
8 20 29
9 31 28
9 39 29
10 22 30
10 23 32
10 27 34
11 33 28
11 45 34
12 57 32
13 9 29
13 23 32
13 49 33
13 57 31
14 2 34
14 17 34
14 54 31
14 62 32
15 8 29
15 12 28
15 44 28
15 49 32
15 57 30
16 21 32
16 31 29
16 33 33
16 43 34
16 54 28
16 61 35
17 23 30
17 29 30
18 9 34
18 10 35
18 34 33
18 37 33
18 39 32
18 61 33
18 63 32
19 45 29
20 0 31
20 15 33
20 40 33
20 49 33
21 36 30
22 43 28
22 56 34
23 29 31
23 30 32
23 38 30
24 47 31
24 62 34
25 9 33
25 18 34
25 33 35
25 54 34
26 2 31
27 1 34
27 12 32
27 39 32
27 57 32
28 18 29
28 53 33
29 27 34
29 37 35
29 55 28
29 58 28
30 16 32
30 18 30
30 37 33
30 40 34
30 41 34
31 24 31
31 27 28
31 40 33
31 48 28
32 7 35
32 12 28
32 42 32
33 1 34
33 25 32
33 31 29
33 34 32
33 45 30
34 0 31
34 2 29
34 7 32
34 11 32
34 27 28
34 29 35
34 41 30
35 18 32
35 59 28
36 29 30
36 32 31
36 61 30
37 6 30
37 8 30
37 14 33
37 15 28
37 29 29
37 35 34
37 38 33
37 43 29
37 47 31
37 52 28
37 63 35
38 53 29
39 1 30
39 10 30
39 33 30
39 50 35
39 56 32
40 2 33
40 22 30
40 27 34
40 45 34
40 58 30
41 44 33
41 51 30
42 30 35
42 35 31
42 54 34
43 16 32
43 30 31
43 32 28
43 61 34
44 29 31
44 47 34
45 26 30
45 54 30
45 59 31
45 62 34
46 49 30
46 62 30
46 63 32
47 18 35
47 39 30
47 44 32
47 54 33
47 56 29
47 57 33
48 8 30
48 32 35
49 17 31
49 31 31
49 34 30
49 51 34
50 30 30
50 58 28
51 58 31
51 59 32
51 60 28
52 6 28
52 19 30
52 29 33
52 32 34
52 38 31
52 41 31
52 47 29
52 55 34
53 34 34
53 47 34
54 7 28
55 5 29
55 23 30
55 32 35
55 57 29
56 30 34
56 55 32
56 62 31
56 63 32
57 17 33
57 26 28
57 33 32
57 35 28
57 49 29
58 43 30
58 48 32
59 32 31
59 55 31
60 3 32
60 7 35
60 44 29
60 49 35
61 15 31
61 21 33
61 36 33
61 38 33
61 45 30
62 29 35
62 49 29
63 41 33
63 42 28
63 43 31
63 45 30
