32
0 10 14
1 7 14
2 12 14
3 17 17
3 21 16
3 25 16
4 1 17
4 11 16
4 17 15
4 22 15
4 26 15
5 4 15
5 30 16
6 2 16
6 16 16
7 15 17
7 20 16
8 31 15
9 16 16
10 7 16
10 26 17
11 13 17
11 16 14
12 11 17
12 28 15
12 29 14
12 30 15
13 9 14
14 11 15
14 26 17
14 28 14
14 30 17
15 3 15
15 21 14
16 8 17
16 9 16
16 12 17
16 13 17
16 19 16
16 29 15
17 10 17
18 8 15
19 5 16
19 28 15
19 29 15
20 0 17
20 4 16
20 24 16
21 10 17
21 25 17
21 28 16
21 30 16
22 3 14
22 4 14
22 26 15
24 5 14
24 11 15
24 18 15
24 28 14
25 0 17
26 9 15
27 0 16
27 10 17
28 13 16
28 20 16
28 24 16
29 0 14
29 9 15
31 10 14
31 18 16
